#
# WAG matrix from Wheelan and Goldman at 85% id
# Rows sum to 1
A R N D C Q E G H I L K M F P S T W Y V
0.50493  0.015148  0.015792  0.024503  0.010041  0.017396  0.0389  0.05571  0.0058002  0.013239  0.021759  0.029039  0.0083419  0.0059471  0.031166  0.083925  0.05561  0.001593  0.0060437  0.05512  
0.029843  0.54463  0.017754  0.010729  0.0054799  0.045411  0.022624  0.027142  0.022965  0.0075331  0.023396  0.12395  0.0070529  0.0041592  0.017473  0.038508  0.022449  0.0078979  0.0083105  0.01269  
0.034998  0.019972  0.40695  0.10638  0.0037826  0.026112  0.038214  0.045904  0.034561  0.012107  0.010891  0.067707  0.0037022  0.0048246  0.01024  0.090799  0.051509  0.0014578  0.017444  0.012446  
0.037209  0.00827  0.072893  0.55042  0.0013337  0.019638  0.12725  0.03965  0.012883  0.0037402  0.0069276  0.026109  0.0021679  0.0024262  0.012582  0.038901  0.019211  0.00138  0.0074016  0.0096052  
0.04505  0.01248  0.007658  0.0039405  0.72917  0.0040415  0.0042908  0.017343  0.0041197  0.0093249  0.020646  0.0066132  0.0047968  0.0095511  0.0054864  0.043863  0.020147  0.0057833  0.0109  0.03479  
0.041032  0.054368  0.027791  0.030501  0.0021246  0.42387  0.10495  0.01982  0.037678  0.0076057  0.033709  0.090907  0.011617  0.0043616  0.02155  0.035287  0.028174  0.0022265  0.007026  0.015399  
0.058041  0.017134  0.025728  0.12503  0.0014269  0.066391  0.47478  0.028843  0.010272  0.0066042  0.011738  0.064341  0.0043877  0.0029658  0.017569  0.030583  0.026869  0.001576  0.0051377  0.020587  
0.057969  0.014336  0.021554  0.027169  0.0040222  0.0087439  0.020115  0.7295  0.0046701  0.0029386  0.0056471  0.016112  0.0024277  0.0020788  0.0088248  0.043894  0.01382  0.0028292  0.0033001  0.010046  
0.020566  0.041333  0.055297  0.03008  0.0032558  0.056642  0.024411  0.015914  0.53116  0.0064392  0.023685  0.034558  0.005008  0.016643  0.017077  0.030068  0.019155  0.0031166  0.056853  0.0087402  
0.023664  0.0068346  0.0097645  0.0044022  0.0037148  0.0057637  0.0079114  0.0050478  0.003246  0.48061  0.11951  0.012562  0.031956  0.021791  0.0054216  0.015706  0.038725  0.0025437  0.0093217  0.19151  
0.021865  0.011934  0.0049384  0.0045841  0.0046241  0.014361  0.0079049  0.0054534  0.0067123  0.067186  0.64186  0.011635  0.037042  0.038371  0.010741  0.014607  0.015262  0.0053783  0.0106  0.064945  
0.040555  0.08787  0.042668  0.024011  0.0020585  0.053827  0.060223  0.021625  0.013611  0.0098157  0.01617  0.50337  0.0082684  0.0033302  0.015555  0.036775  0.03841  0.0018961  0.0048277  0.015131  
0.037053  0.015902  0.0074204  0.0063409  0.0047489  0.021877  0.013062  0.010363  0.0062736  0.079413  0.16374  0.026298  0.4314  0.024041  0.0074007  0.021025  0.038544  0.0042612  0.0097354  0.071096  
0.013405  0.0047588  0.0049071  0.0036013  0.0047984  0.0041682  0.0044804  0.0045031  0.01058  0.02748  0.086072  0.0053749  0.0122  0.64009  0.0055669  0.018706  0.0093194  0.012122  0.099842  0.028021  
0.058996  0.016789  0.0087469  0.015684  0.0023148  0.017295  0.02229  0.016054  0.0091167  0.0057418  0.020234  0.021084  0.0031539  0.0046751  0.67813  0.050059  0.027707  0.0015359  0.0053827  0.015012  
0.10458  0.024358  0.051056  0.031922  0.012182  0.018643  0.025542  0.052565  0.010567  0.01095  0.018114  0.032813  0.0058983  0.010341  0.032953  0.43084  0.091781  0.0037916  0.013291  0.017809  
0.078957  0.016179  0.033  0.017962  0.0063757  0.01696  0.025568  0.018857  0.0076703  0.030761  0.021565  0.039049  0.012321  0.0058703  0.020782  0.10457  0.48975  0.0015808  0.0071713  0.045043  
0.0095924  0.024141  0.0039613  0.0054722  0.0077619  0.0056845  0.0063604  0.016372  0.0052929  0.0085696  0.03223  0.0081754  0.0057769  0.032383  0.004886  0.018322  0.0067045  0.73897  0.043982  0.015364  
0.014842  0.01036  0.01933  0.01197  0.0059663  0.0073156  0.0084562  0.0077886  0.039377  0.012808  0.025905  0.0084893  0.0053826  0.10878  0.0069833  0.026194  0.012404  0.017937  0.63467  0.015043  
0.067351  0.007871  0.006862  0.0077286  0.0094749  0.0079775  0.016859  0.011797  0.003012  0.13092  0.078973  0.013238  0.019558  0.01519  0.0096904  0.017462  0.038764  0.0031175  0.0074845  0.52667  
