#
# WAG matrix from Wheelan and Goldman at 85% id
# Rows sum to 1
A R N D C Q E G H I L K M F P S T W Y V
0.83293  0.0041645  0.0038065  0.0070817  0.0031949  0.005425  0.014039  0.018624  0.0014046  0.0023729  0.0058862  0.009089  0.002749  0.0014531  0.010411  0.034325  0.019973  0.0003257  0.0015102  0.021229  
0.0082043  0.85212  0.004542  0.0018713  0.0016627  0.016937  0.0050784  0.0080232  0.0080967  0.0017023  0.0070279  0.049349  0.0021723  0.00081022  0.0051512  0.013213  0.0059548  0.0026422  0.0022872  0.0031578  
0.0084359  0.0051093  0.78787  0.044915  0.00092857  0.0088737  0.01005  0.014918  0.014168  0.0041245  0.0022547  0.027383  0.00078554  0.00085711  0.0019643  0.039506  0.018919  0.0002458  0.0059807  0.0027074  
0.010754  0.0014425  0.030777  0.85117  0.00017472  0.0045329  0.052507  0.011877  0.0038013  0.00053175  0.0014075  0.0059092  0.00041447  0.0004036  0.0033468  0.012148  0.0044085  0.00033219  0.0019862  0.0020807  
0.014334  0.0037866  0.0018799  0.00051621  0.92239  0.00076252  0.00049435  0.0044744  0.00106  0.0017891  0.0056385  0.0010934  0.0013006  0.0026087  0.0010483  0.015202  0.0054344  0.0017076  0.003184  0.011296  
0.012796  0.020277  0.0094442  0.0070404  0.00040085  0.79715  0.045587  0.0049208  0.015408  0.0013275  0.011624  0.035931  0.0044846  0.00081909  0.0068539  0.011398  0.0085883  0.00055252  0.0015623  0.0038337  
0.020947  0.0038462  0.0067665  0.05159  0.0001644  0.028838  0.81741  0.0080237  0.0025644  0.0012946  0.0025667  0.024196  0.0011092  0.0006026  0.005175  0.0084574  0.0081911  0.0003938  0.0012389  0.0066205  
0.01938  0.0042377  0.0070045  0.008138  0.0010377  0.0021709  0.0055956  0.92124  0.0011125  0.00040396  0.0010729  0.0041019  0.00059985  0.00039086  0.0020575  0.014695  0.0028392  0.00080976  0.00070272  0.0024066  
0.0049803  0.014573  0.022669  0.0088757  0.0008377  0.023163  0.006094  0.0037909  0.84885  0.001328  0.0070691  0.0096004  0.001358  0.0045206  0.0051982  0.0087034  0.0050592  0.00071033  0.020912  0.0017064  
0.0042413  0.0015444  0.0033266  0.00062587  0.00071275  0.001006  0.0015508  0.0006939  0.00066943  0.81844  0.042314  0.0034167  0.012404  0.0066536  0.00098916  0.003948  0.013712  0.00057586  0.0025293  0.080648  
0.0059148  0.0035847  0.0010223  0.00093134  0.0012628  0.0049525  0.0017286  0.0010361  0.0020034  0.023789  0.88815  0.0028763  0.014238  0.012847  0.003144  0.0040368  0.0036724  0.0015833  0.002565  0.020657  
0.012694  0.034983  0.017256  0.0054344  0.00034035  0.021275  0.022648  0.0055053  0.0037813  0.0026696  0.0039976  0.83204  0.0028349  0.00066777  0.0043283  0.011144  0.013198  0.00039457  0.00096307  0.0038436  
0.012211  0.0048977  0.0015745  0.0012123  0.0012876  0.0084456  0.0033019  0.0025606  0.0017012  0.030824  0.062936  0.0090163  0.80387  0.0074514  0.0015566  0.0058729  0.014073  0.001233  0.0025995  0.023374  
0.0032754  0.00092702  0.00087177  0.00059908  0.0013106  0.00078278  0.00091035  0.00084668  0.0028738  0.0083907  0.028818  0.0010778  0.0037813  0.88935  0.0013326  0.0060149  0.0020276  0.0036307  0.035355  0.0078247  
0.019708  0.0049496  0.0016778  0.0041718  0.00044228  0.0055007  0.0065655  0.003743  0.0027751  0.0010476  0.0059228  0.0058666  0.00066336  0.0011191  0.90471  0.017414  0.0081129  0.00036312  0.0013479  0.0038973  
0.042773  0.0083579  0.022214  0.0099681  0.0042221  0.0060218  0.0070633  0.017598  0.0030587  0.0027525  0.005006  0.0099433  0.0016476  0.0033252  0.011463  0.79664  0.038765  0.0012019  0.0043835  0.003597  
0.028359  0.0042916  0.012121  0.0041219  0.0017197  0.0051699  0.0077946  0.0038741  0.0020258  0.010892  0.0051889  0.013418  0.0044985  0.0012772  0.0060851  0.044169  0.82745  0.00032009  0.0018226  0.015403  
0.0019613  0.008076  0.00066789  0.0013172  0.0022918  0.0014106  0.0015893  0.0046861  0.0012063  0.0019401  0.0094883  0.0017013  0.0016716  0.0096994  0.0011551  0.0058078  0.0013575  0.92555  0.014094  0.004328  
0.0037087  0.0028512  0.0066275  0.0032121  0.0017428  0.0016267  0.0020392  0.0016585  0.014484  0.0034752  0.0062688  0.0016935  0.0014373  0.03852  0.0017487  0.008639  0.0031526  0.0057481  0.88748  0.0038853  
0.02594  0.0019586  0.0014928  0.0016742  0.0030765  0.0019861  0.0054217  0.0028261  0.00058805  0.055133  0.025119  0.0033628  0.0064299  0.0042417  0.0025157  0.0035271  0.013255  0.00087822  0.0019331  0.83864  
