#
# WAG matrix from Wheelan and Goldman at 85% id
# Rows sum to 1
A R N D C Q E G H I L K M F P S T W Y V
0.61284  0.01101  0.011113  0.018135  0.0076918  0.01323  0.031183  0.043464  0.0040281  0.00862  0.015678  0.022082  0.006454  0.0041318  0.024322  0.070737  0.044673  0.0010472  0.0042329  0.045322  
0.021691  0.64901  0.012706  0.0067382  0.0041108  0.036989  0.015556  0.020172  0.018302  0.0051074  0.017491  0.10366  0.0053343  0.0026903  0.012995  0.030247  0.016163  0.0061619  0.0060195  0.008855  
0.024628  0.014293  0.52621  0.09085  0.0026427  0.02048  0.027729  0.035389  0.02918  0.0094183  0.0071914  0.056719  0.0024884  0.003075  0.0066909  0.078313  0.041691  0.00091157  0.013728  0.0083726  
0.027539  0.005194  0.062254  0.65123  0.00077564  0.013705  0.10781  0.029681  0.0096221  0.0022285  0.0044909  0.018009  0.0013906  0.0014899  0.0090049  0.029642  0.013233  0.00094803  0.0053242  0.0064261  
0.034511  0.0093619  0.0053502  0.0022916  0.80091  0.0025905  0.0024444  0.012286  0.0029079  0.0060737  0.014901  0.0041022  0.0034541  0.0068995  0.0035349  0.03465  0.014559  0.0043035  0.0080724  0.026792  
0.031205  0.044284  0.021797  0.021286  0.0013618  0.54235  0.090622  0.013874  0.031798  0.0048444  0.026527  0.075721  0.0095482  0.0028  0.016475  0.027128  0.021249  0.0015545  0.0047758  0.010802  
0.046527  0.011782  0.018669  0.10593  0.0008129  0.057328  0.58494  0.021005  0.0072789  0.0043089  0.007892  0.052484  0.0031062  0.0019243  0.013062  0.022343  0.020224  0.0010968  0.0035426  0.01575  
0.045226  0.010654  0.016616  0.020338  0.0028494  0.0061208  0.014649  0.79996  0.0032217  0.0017221  0.0035965  0.011378  0.0016863  0.0013182  0.0060443  0.034236  0.0091845  0.0020776  0.0021874  0.006932  
0.014283  0.032941  0.046687  0.022467  0.0022981  0.047803  0.017298  0.010978  0.6395  0.004241  0.017662  0.025373  0.0036178  0.012062  0.012839  0.022324  0.013738  0.0021235  0.046116  0.005648  
0.015407  0.0046338  0.0075961  0.002623  0.0024196  0.0036711  0.0051618  0.0029582  0.0021378  0.58878  0.095396  0.0090453  0.026406  0.016424  0.0034465  0.011041  0.030843  0.0017276  0.0067122  0.16357  
0.015754  0.0089215  0.0032607  0.0029716  0.0033374  0.011302  0.005315  0.0034732  0.0050053  0.053631  0.72803  0.0081397  0.03054  0.029976  0.0079469  0.010567  0.010616  0.0039945  0.0073711  0.049848  
0.03084  0.073488  0.035743  0.016562  0.0012769  0.044835  0.049125  0.015272  0.0099936  0.0070675  0.011313  0.6114  0.0064959  0.0021553  0.011332  0.027757  0.030253  0.0012565  0.0031579  0.010681  
0.028668  0.012027  0.0049876  0.0040674  0.0034196  0.017981  0.0092471  0.0071985  0.004532  0.065621  0.135  0.02066  0.55159  0.018241  0.0049241  0.015383  0.031037  0.0031415  0.0069738  0.055307  
0.0093134  0.0030781  0.0031277  0.0022115  0.0034662  0.0026759  0.002907  0.0028554  0.007668  0.020712  0.06724  0.0034786  0.0092564  0.72826  0.0038323  0.014304  0.0062551  0.0090792  0.079831  0.020451  
0.04604  0.012486  0.0057152  0.011225  0.0014914  0.013222  0.016572  0.010996  0.0068544  0.00365  0.014971  0.015359  0.0020985  0.0032184  0.7604  0.039619  0.020609  0.001052  0.0037667  0.010655  
0.088147  0.019132  0.044035  0.024324  0.0096237  0.014332  0.01866  0.040999  0.0078454  0.0076973  0.013104  0.024767  0.0043154  0.007908  0.026081  0.54554  0.078424  0.0028852  0.01029  0.011895  
0.063429  0.011648  0.026711  0.012373  0.0046073  0.012791  0.019245  0.012532  0.0055009  0.024501  0.015001  0.030757  0.0099211  0.0039401  0.015458  0.089356  0.60069  0.0010352  0.0050633  0.035439  
0.006306  0.018835  0.0024769  0.0037593  0.0057759  0.0039687  0.0044264  0.012023  0.0036064  0.0058202  0.023937  0.0054177  0.0042588  0.024255  0.0033466  0.013942  0.0043905  0.80847  0.033799  0.011189  
0.010395  0.0075037  0.015212  0.0086102  0.0044185  0.0049726  0.0058308  0.0051625  0.03194  0.0092224  0.018015  0.005553  0.0038557  0.086977  0.0048867  0.02028  0.0087578  0.013784  0.72398  0.010637  
0.055379  0.0054922  0.0046164  0.0051707  0.0072966  0.0055961  0.012898  0.0081402  0.0019464  0.11182  0.060615  0.0093453  0.015214  0.011086  0.0068776  0.011663  0.030499  0.0022704  0.0052925  0.62878  
