#
# WAG matrix from Wheelan and Goldman at 75% id
# Rows sum to 1
A R N D C Q E G H I L K M F P S T W Y V
0.72236  0.0073771  0.0071265  0.012353  0.005409  0.0092423  0.022865  0.031067  0.0025878  0.0050247  0.010451  0.015446  0.0045932  0.0026633  0.017379  0.054031  0.032687  0.00063635  0.0027487  0.033949  
0.014533  0.75146  0.0083091  0.0038833  0.002847  0.027403  0.0097449  0.013849  0.013311  0.0032075  0.012073  0.078448  0.0037115  0.0016088  0.0089121  0.021815  0.010699  0.0044056  0.004036  0.0057424  
0.015793  0.009347  0.65362  0.070111  0.0017058  0.014719  0.018296  0.025064  0.022302  0.0067838  0.0043877  0.043176  0.0015307  0.0017853  0.0039821  0.061057  0.030735  0.00052026  0.0098958  0.0051914  
0.018759  0.0029934  0.048043  0.75144  0.00040822  0.0086638  0.082561  0.020461  0.0065982  0.0012043  0.0027231  0.011312  0.00082613  0.00084592  0.0059694  0.020713  0.0083499  0.00060834  0.0035396  0.0039798  
0.024268  0.0064837  0.0034534  0.0012061  0.86472  0.0015329  0.0012387  0.0080626  0.001907  0.0036146  0.0099665  0.0023257  0.0023046  0.0046145  0.0021004  0.025067  0.0096929  0.0029529  0.00552  0.018972  
0.021799  0.032807  0.015665  0.013456  0.00080585  0.66716  0.070592  0.0089885  0.024281  0.0027972  0.019166  0.057177  0.0071595  0.0016545  0.011586  0.019175  0.014732  0.0010072  0.0029829  0.0070043  
0.034116  0.0073805  0.012318  0.08112  0.00041192  0.044656  0.69939  0.014131  0.0047218  0.0025822  0.0049031  0.038998  0.0020243  0.001167  0.0089559  0.014995  0.014024  0.00071256  0.0022736  0.011122  
0.032327  0.0073149  0.011769  0.01402  0.0018699  0.0039654  0.0098549  0.86336  0.002059  0.00091967  0.0021334  0.0074332  0.0010913  0.00077926  0.0038354  0.024485  0.0055889  0.0014113  0.0013472  0.0044391  
0.0091756  0.023957  0.035683  0.015406  0.0015071  0.036503  0.011221  0.0070161  0.74536  0.0025842  0.012166  0.01705  0.0024134  0.0080479  0.0089  0.015212  0.0090823  0.0013372  0.034003  0.0033795  
0.008981  0.0029101  0.0054713  0.0014174  0.00144  0.0021197  0.0030933  0.0015798  0.0013027  0.70162  0.069476  0.006042  0.019824  0.011394  0.002017  0.0071815  0.022472  0.0010856  0.0044796  0.1261  
0.010502  0.006158  0.0019895  0.0018019  0.0022322  0.0081653  0.0033021  0.0020602  0.0034477  0.039059  0.80988  0.0052661  0.022848  0.021434  0.0054391  0.0070962  0.0068056  0.0027385  0.0047342  0.035039  
0.021572  0.055612  0.027208  0.010403  0.00072393  0.033856  0.036502  0.0099764  0.0067156  0.0047209  0.007319  0.72111  0.0046839  0.0013012  0.0076238  0.019202  0.021824  0.00076789  0.0019032  0.0069729  
0.020402  0.0083682  0.0030679  0.0024164  0.0022816  0.013483  0.0060262  0.0046586  0.0030232  0.049263  0.101  0.014897  0.6761  0.012716  0.0030197  0.010361  0.022846  0.0021417  0.0046291  0.039299  
0.0060033  0.0018407  0.0018159  0.0012556  0.0023183  0.0015812  0.0017629  0.001688  0.0051161  0.014369  0.04808  0.0021001  0.0064527  0.81102  0.0024539  0.010102  0.0038793  0.0062582  0.058128  0.013774  
0.032899  0.0085633  0.0034013  0.007441  0.00088619  0.0092988  0.011362  0.0069773  0.0047514  0.0021361  0.010246  0.010333  0.0012869  0.0020608  0.83544  0.028695  0.014098  0.0006709  0.002448  0.0070067  
0.067329  0.013799  0.034332  0.016997  0.0069621  0.010131  0.012523  0.029322  0.005346  0.0050067  0.0088  0.017134  0.0029068  0.0055846  0.01889  0.66786  0.060527  0.0020277  0.0073253  0.0072011  
0.04641  0.0077111  0.019691  0.0078069  0.0030674  0.0088684  0.013345  0.007626  0.0036368  0.017851  0.0096161  0.022187  0.0073026  0.0024436  0.010575  0.068964  0.71344  0.00062704  0.003306  0.025521  
0.0038319  0.013466  0.0014137  0.0024123  0.0039632  0.0025714  0.0028758  0.0081675  0.0022709  0.0036574  0.016411  0.003311  0.0029034  0.016719  0.0021342  0.0097988  0.0026594  0.87005  0.023821  0.0075625  
0.0067505  0.0050312  0.010966  0.0057243  0.0030214  0.0031058  0.0037421  0.0031797  0.023551  0.0061549  0.01157  0.0033466  0.0025594  0.063331  0.0031759  0.014437  0.0057183  0.0097149  0.80794  0.0069843  
0.041483  0.0035616  0.0028624  0.0032023  0.0051669  0.0036287  0.0091084  0.0052128  0.0011646  0.086203  0.042607  0.0061008  0.010811  0.007467  0.0045228  0.0070611  0.021963  0.0015346  0.0034751  0.73286  
